1000
11 868
31971 20294 86373 15349 73019 80913 49219 24203 98824 44212 74389 96851 32278 15563 33092 47867 57456 4417 92390 42279 94262 65539 47635 5010 12099 36992 58358 61702 29928 69388 81796 40460 61167 7799 23102 64129 65678 94529 15357 32458 32492 32294 47571 87557 12439 28942 82677 42622 68856 27433 57102 41983 84086 97854 42605 62836 64584 61005 62150 84118 24324 58999 87280 44960 85736 8746 62246 12689 47698 68719 83071 18524 72558 25984 51604 56032 97513 56615 90834 96021 97460 69657 36787 50557 86547 4769 64270 41221 60872 14325 64697 62429 99416 56314 84999 5148 89889 54122 8373 84598 65677 89393 70244 70364 80272 27419 11377 61621 84117 86385 34553 44732 79030 99531 47503 91612 3620 92848 39301 84223 11422 58287 4789 15775 54075 46573 64904 72491 35687 63097 87170 56733 67086 88749 52240 57650 60844 83243 39956 67019 1307 23042 31373 79789 34305 50859 55176 87879 36909 54163 65766 7658 19829 59282 79535 45831 72578 80495 56857 10379 2964 31079 22613 72495 73 19152 72290 28218 55503 20332 92963 66928 75119 93141 28699 17180 25061 44447 46717 49354 34282 24219 4877 10940 38297 70171 72526 78018 5623 12800 80431 89414 51380 13555 16349 64628 19175 11407 75716 66332 34645 41099 42262 800 23333 14595 91148 21221 59703 15115 27084 78255 59325 81291 81310 47928 77504 52212 85098 8400 19495 47808 60580 95230 13217 66287 66519 57872 88686 33937 52195 25336 34046 15470 70880 29433 55872 74810 35398 51513 35885 32471 93113 8198 52224 47931 129 76259 67632 76302 58080 92059 661 15562 71548 66551 45698 82831 75535 24704 93604 78338 93235 43410 93644 13007 48309 18891 55319 72543 93267 36479 33542 31271 81333 7392 12780 35917 43130 36381 46370 1081 9473 21052 82437 15307 45405 93360 56148 66484 67415 93828 80011 52077 54089 67922 86674 87509 99800 44626 95559 7991 34661 92164 30905 62149 36993 50549 76285 98121 74991 68279 46790 52561 37393 38321 90202 7536 3497 70677 16525 55257 58090 26018 22399 2978 33254 99705 23230 74018 42443 12491 22365 75962 34413 10511 71087 1642 17463 83375 22448 55042 9733 41647 44237 65178 38090 55202 8239 52068 21191 29543 29856 38353 61743 90775 94542 10050 12522 40536 39173 47453 99669 2998 12543 91756 96033 87769 34379 91813 59014 31321 24578 26075 12708 34349 99646 46556 22641 56523 69812 95039 11209 23913 28803 45356 50718 98633 63691 16110 32973 1542 28118 24875 92130 26849 30886 32445 33164 43521 13437 89571 46055 85297 23175 61086 37417 45475 76019 10085 67815 58422 85446 5773 2685 8131 66265 88765 1751 29886 38813 12805 45073 45652 82145 48780 43545 78696 24519 77632 73609 23805 68631 96045 24283 9803 43565 51906 92823 54871 25737 59667 16921 28661 6514 50267 86332 24710 66770 41965 51439 8677 64091 25219 78561 66515 50500 24951 25790 46570 49654 26363 35508 3553 4302 67812 84034 12403 39940 90462 17481 89774 77176 45074 89650 71217 83344 35506 38053 69280 74356 96955 13355 88001 1226 86249 24720 57399 64499 2780 3187 8038 32082 8148 19021 45895 63955 75490 70947 93722 60892 28617 8596 82072 11550 35593 37809 5305 47023 11884 47483 91420 84463 27635 74748 55565 61379 99744 21062 43745 65513 62531 85148 51928 33290 80297 70093 72193 7473 61444 8755 98422 25921 62753 68901 50163 93371 96804 358 25945 9449 68074 74073 99893 96491 48740 13683 16467 46341 21241 62689 64876 80758 86920 34781 80255 84497 98549 33714 45093 9010 13682 48065 72506 42066 21345 64310 95221 16468 21038 22841 34849 94861 34257 60832 68468 59425 84294 2073 13898 51203 87516 61589 38758 47187 72865 41268 88621 23769 97945 23739 66546 67454 26848 52642 80191 99184 16432 27145 31593 79082 35243 76823 92967 38048 8044 55196 60122 86836 36671 46799 77332 5519 56323 57013 32775 40591 41310 58725 20236 48759 68432 78647 64690 339 64055 87742 1861 45783 89461 26594 37648 40484 96060 17537 12126 84604 5316 40943 4590 67972 79605 71941 20846 53980 62256 83435 4310 81898 53802 5251 71353 88135 69018 74388 85342 40464 59609 74306 93393 45008 89572 55651 83097 21318 80866 25626 35435 2696 61980 69521 12589 82279 85634 57750 6907 95644 62238 26379 84717 21594 61403 61984 74121 58852 82442 85451 98832 86224 88993 36942 81797 14838 79104 3787 3220 29262 50768 23755 7305 77928 9820 38986 165 90330 29705 82702 19362 23861 91580 63051 99137 62459 1214 3479 91286 79086 95611 7862 11229 18073 40774 15816 56577 75207 6406 64141 89281 52611 53069 12341 63961 69306 71546 7014 24997 51252 72916 27092 39830 22252 75780 91750 313 9750 22876 33271 89534 20091 62279 24805 65667 68603 79834 43240 6643 80016 29813 97857 6353 93735 25245 2010 83179 89841 99106 49170 54387 74560 92434 32562 38734 82275 22759 71640 32348 76959 71515 3406 10948 54504 63701 66557 77460 87719 5658 73186 43487 27140 45699 58212 98531 27241 99846 8463 90478 58179 81608 42659 83603 63388 7579 61395 63020 93887 11250 22752 49524 90553 11614 75424 87061 27524 44757 36981 17711 43033 47749 12602 45945 85495 96760 8142 49307 7322 75485 81802 19402 4791 5642 73788 23461 3145 96334 6110 17415 26365 26867 93689 29279 53102 49415 62926 4903 57563 74363 20616 25619 75881 98292 46468 96369 39474 88292 83369 73529 54999 69271 74842 97484 284 72396 371 2744 28089 42556 72758 76570
11 0
11 0
11 0
11 0
11 0
11 0
78 370
98914 41263 63749 43659 95966 59977 97281 34041 3422 63387 37947 97963 40837 25664 10941 68674 33811 11592 12447 11387 82049 89229 33500 57957 24812 59410 98632 23582 21365 56703 84088 29015 57665 99235 7344 94787 21397 70905 80444 79360 14683 38908 86687 85467 13212 62079 60044 3475 98854 39073 71238 84918 38610 9707 4327 2706 41363 82951 523 83773 24953 27790 65825 89258 89686 12400 50522 23592 65131 22956 86793 13459 97006 38287 29213 52838 99827 28207 51853 19162 11431 31110 91088 42140 25149 61003 19821 92187 29783 28688 95837 36542 70753 17246 6780 28002 64555 40299 9173 3156 45580 39243 52078 62866 18726 82967 13551 76231 66309 87531 52488 79080 62865 18150 68402 12143 18398 71723 26721 21214 26679 46847 49325 69316 66570 14208 8279 29588 44788 96131 81780 38109 34641 45339 62544 13428 34828 48684 26621 75550 11083 83017 34085 40580 10556 33384 71439 99347 11070 40541 67125 6941 67001 34108 82600 12381 64333 20647 54578 6518 57888 77222 15287 46135 22370 87858 76413 3631 12103 33852 49256 26224 72936 59621 26617 25579 26354 19872 77514 26325 43876 39630 40930 26253 25483 64963 77265 32503 52206 13204 26541 11808 60363 87311 15966 63235 74876 38679 70428 59034 62061 67154 79318 25521 47665 69741 2603 5914 83830 29491 3405 36197 99557 5841 33753 45090 29447 70203 88985 91361 56528 51107 50594 55521 7754 41798 72969 19700 37647 85090 68111 3216 96794 64352 69513 9691 3797 9274 71609 13211 2183 43060 5243 17565 92391 45717 47278 3918 79964 37125 93463 26861 96865 86579 72671 41217 4621 35283 43121 6749 35107 81899 47532 14593 29069 45622 10308 38518 74800 23198 93193 32270 86809 86422 90341 77148 85479 69327 40941 77288 78131 42008 28529 90753 11115 42507 55796 85373 54545 66302 83766 30511 60899 25798 15482 30728 67464 43808 5846 24368 73814 86492 94785 17260 84747 63143 19189 26641 84365 38992 39050 42893 31307 55770 32342 25397 3012 49704 59006 71765 89630 27987 76351 80736 7722 48032 12860 55603 93316 57074 2209 8975 4276 7645 56186 6881 34317 8093 53765 51342 36529 55892 80938 3377 93372 56956 15569 39386 88381 21920 73265 68550 88458 87997 72232 17252 44575 60643 34583 71908 5922 47594 24178 88937 22319 58499 58363 8191 96759 40690
11 0
